train_loss at epoch0: 0.03742023249889942
train_mses at epoch0: [3.53814248 1.09510921 1.06643209 1.09531582 1.11220635 1.0718279
 1.11278137 1.11554721 1.09590159 0.02170854]
train_maes at epoch0: [1.58958761 0.49096825 0.54732535 0.597275   0.41043012 0.51438556
 0.40561646 0.43029851 0.47387642 0.04339323]
test_loss at epoch0: 0.03630556172512947
test_mses at epoch0: [3.26766684 1.06940128 1.08262246 1.07608612 1.07525584 1.06832126
 1.07498608 1.06827553 1.06835621 0.02081964]
test_maes at epoch0: [1.61737334 0.54441361 0.664314   0.63914878 0.50498155 0.57345749
 0.50606056 0.56994349 0.56889172 0.04277687]

train_loss at epoch1: 0.03643394353541922
train_mses at epoch1: [3.33067    1.07574351 1.08007677 1.08593866 1.07799937 1.0705751
 1.07026843 1.0795043  1.06807182 0.02259528]
train_maes at epoch1: [1.60561088 0.52320611 0.63992522 0.53027595 0.52173023 0.60219958
 0.52041757 0.58419233 0.55271408 0.04277046]
test_loss at epoch1: 0.03620250478703925
test_mses at epoch1: [3.25838147 1.06849997 1.06945783 1.07078534 1.06848401 1.06894557
 1.06882016 1.06904642 1.06835933 0.02126551]
test_maes at epoch1: [1.5992893  0.56074064 0.59616767 0.53162266 0.5609533  0.58989878
 0.55280186 0.59196468 0.57477272 0.02146545]

train_loss at epoch2: 0.03643272037201739
train_mses at epoch2: [3.26372556 1.07461858 1.07091706 1.07397982 1.07224108 1.07267647
 1.072095   1.0624879  1.07327142 0.0207397 ]
train_maes at epoch2: [1.60477155 0.56745056 0.57345359 0.56738982 0.56467413 0.57524914
 0.56182115 0.57036038 0.56540103 0.04357277]
test_loss at epoch2: 0.036254988452221484
test_mses at epoch2: [3.27569947 1.06972112 1.07226007 1.0693745  1.06952045 1.07054626
 1.07030334 1.07108414 1.07270204 0.02082952]
test_maes at epoch2: [1.58257639 0.54129572 0.52115368 0.54559753 0.54310353 0.53329397
 0.53533161 0.52895011 0.51836536 0.03911024]

train_loss at epoch3: 0.036415216263304365
train_mses at epoch3: [3.24930355 1.07534732 1.0662308  1.06996512 1.07273866 1.06640078
 1.07084948 1.07867903 1.07760885 0.02169123]
train_maes at epoch3: [1.59215057 0.56221996 0.53275696 0.56127915 0.56128011 0.53888666
 0.56457916 0.53709021 0.53168558 0.04994544]
test_loss at epoch3: 0.036220788067959725
test_mses at epoch3: [3.28700622 1.06993093 1.06833815 1.07030268 1.0705135  1.06833437
 1.07145768 1.06841279 1.06853948 0.02085695]
test_maes at epoch3: [1.628071   0.60175615 0.57258377 0.60484963 0.60759831 0.56728372
 0.61450444 0.57859282 0.58128897 0.04724917]

